高精度光源参数
================================================================================
ID  |            Position            |           Direction            |    Tilt(deg) |   Slant(deg)
================================================================================
0   | [10.0000000, 0.0000000, 3.0000000] | [-0.9578263, -0.0000000, -0.2873479] | -180.0000000 |  106.6992441
1   | [9.1354546, 4.0673664, 3.0000000] | [-0.8750179, -0.3895831, -0.2873479] | -155.9999973 |  106.6992459
2   | [6.6913061, 7.4314483, 3.0000000] | [-0.6409109, -0.7118037, -0.2873479] | -132.0000007 |  106.6992441
3   | [3.0901699, 9.5105652, 3.0000000] | [-0.2959846, -0.9109470, -0.2873479] | -108.0000008 |  106.6992459
4   | [-1.0452846, 9.9452190, 3.0000000] | [0.1001201, -0.9525793, -0.2873479] |  -84.0000001 |  106.6992441
5   | [-5.0000000, 8.6602540, 3.0000000] | [0.4789132, -0.8295019, -0.2873479] |  -60.0000001 |  106.6992441
6   | [-8.0901699, 5.8778525, 3.0000000] | [0.7748978, -0.5629961, -0.2873479] |  -35.9999988 |  106.6992441
7   | [-9.7814760, 2.0791169, 3.0000000] | [0.9368955, -0.1991433, -0.2873479] |  -11.9999995 |  106.6992441
8   | [-9.7814760, -2.0791169, 3.0000000] | [0.9368955, 0.1991433, -0.2873479] |   11.9999995 |  106.6992441
9   | [-8.0901699, -5.8778525, 3.0000000] | [0.7748978, 0.5629961, -0.2873479] |   35.9999988 |  106.6992441
10  | [-5.0000000, -8.6602540, 3.0000000] | [0.4789132, 0.8295019, -0.2873479] |   60.0000001 |  106.6992441
11  | [-1.0452846, -9.9452190, 3.0000000] | [0.1001201, 0.9525793, -0.2873479] |   84.0000001 |  106.6992441
12  | [3.0901699, -9.5105652, 3.0000000] | [-0.2959846, 0.9109470, -0.2873479] |  108.0000008 |  106.6992459
13  | [6.6913061, -7.4314483, 3.0000000] | [-0.6409109, 0.7118037, -0.2873479] |  132.0000007 |  106.6992441
14  | [9.1354546, -4.0673664, 3.0000000] | [-0.8750179, 0.3895831, -0.2873479] |  155.9999973 |  106.6992459


变换矩阵示例（光源0）：
[0.0000000, -0.2873479, 0.9578263, 10.0000000]
[1.0000000, 0.0000000, 0.0000000, 0.0000000]
[0.0000000, 0.9578263, 0.2873479, 3.0000000]
[0.0000000, 0.0000000, 0.0000000, 1.0000000]
