相机坐标系光源参数
================================================================================
ID  |            Position            |           Direction            |    Tilt(deg) |   Slant(deg)
================================================================================
0   | [-8.0000000, -0.0000000, -12.5000010] | [0.9544800, 0.0000000, -0.2982750] |    0.0000000 |  107.3540265
1   | [-7.3083639, -3.2538931, -12.5000010] | [0.8719608, 0.3882220, -0.2982750] |   24.0000022 |  107.3540265
2   | [-5.3530450, -5.9451585, -12.5000010] | [0.6386718, 0.7093168, -0.2982750] |   47.9999951 |  107.3540265
3   | [-2.4721360, -7.6084523, -12.5000010] | [0.2949505, 0.9077645, -0.2982751] |   72.0000023 |  107.3540265
4   | [0.8362277, -7.9561753, -12.5000010] | [-0.0997703, 0.9492512, -0.2982750] |   95.9999981 |  107.3540265
5   | [4.0000000, -6.9282031, -12.5000010] | [-0.4772400, 0.8266039, -0.2982750] |  120.0000009 |  107.3540265
6   | [6.4721360, -4.7022820, -12.5000010] | [-0.7721905, 0.5610293, -0.2982750] |  143.9999988 |  107.3540265
7   | [7.8251810, -1.6632935, -12.5000010] | [-0.9336223, 0.1984475, -0.2982750] |  168.0000030 |  107.3540265
8   | [7.8251810, 1.6632935, -12.5000010] | [-0.9336223, -0.1984475, -0.2982750] | -168.0000030 |  107.3540265
9   | [6.4721360, 4.7022820, -12.5000010] | [-0.7721905, -0.5610293, -0.2982750] | -143.9999988 |  107.3540265
10  | [4.0000000, 6.9282031, -12.5000010] | [-0.4772400, -0.8266039, -0.2982750] | -120.0000009 |  107.3540265
11  | [0.8362277, 7.9561753, -12.5000010] | [-0.0997703, -0.9492512, -0.2982750] |  -95.9999981 |  107.3540265
12  | [-2.4721360, 7.6084523, -12.5000010] | [0.2949505, -0.9077645, -0.2982751] |  -72.0000023 |  107.3540265
13  | [-5.3530450, 5.9451585, -12.5000010] | [0.6386718, -0.7093168, -0.2982750] |  -47.9999951 |  107.3540265
14  | [-7.3083639, 3.2538931, -12.5000010] | [0.8719608, -0.3882220, -0.2982750] |  -24.0000022 |  107.3540265

相机坐标系变换矩阵示例（光源0）：
[0.0000000, 0.2982750, -0.9544800, -8.0000000]
[-1.0000000, 0.0000000, -0.0000000, -0.0000000]
[0.0000000, 0.9544800, 0.2982750, -12.5000010]
[0.0000000, 0.0000000, 0.0000000, 1.0000000]
