世界坐标系光源参数
================================================================================
ID  |            Position            |           Direction            |    Tilt(deg) |   Slant(deg)
================================================================================
0   | [8.0000000, 0.0000000, 2.5000000] | [-0.9544800, -0.0000000, -0.2982750] | -180.0000000 |  107.3540247
1   | [7.3083637, 3.2538931, 2.5000000] | [-0.8719608, -0.3882220, -0.2982750] | -155.9999994 |  107.3540247
2   | [5.3530449, 5.9451586, 2.5000000] | [-0.6386718, -0.7093168, -0.2982750] | -132.0000025 |  107.3540247
3   | [2.4721360, 7.6084521, 2.5000000] | [-0.2949505, -0.9077644, -0.2982750] | -108.0000000 |  107.3540247
4   | [-0.8362277, 7.9561752, 2.5000000] | [0.0997703, -0.9492513, -0.2982750] |  -84.0000001 |  107.3540247
5   | [-4.0000000, 6.9282032, 2.5000000] | [0.4772400, -0.8266039, -0.2982750] |  -59.9999991 |  107.3540247
6   | [-6.4721360, 4.7022820, 2.5000000] | [0.7721906, -0.5610293, -0.2982750] |  -35.9999983 |  107.3540247
7   | [-7.8251808, 1.6632935, 2.5000000] | [0.9336223, -0.1984475, -0.2982750] |  -11.9999988 |  107.3540247
8   | [-7.8251808, -1.6632935, 2.5000000] | [0.9336223, 0.1984475, -0.2982750] |   11.9999988 |  107.3540247
9   | [-6.4721360, -4.7022820, 2.5000000] | [0.7721906, 0.5610293, -0.2982750] |   35.9999983 |  107.3540247
10  | [-4.0000000, -6.9282032, 2.5000000] | [0.4772400, 0.8266039, -0.2982750] |   59.9999991 |  107.3540247
11  | [-0.8362277, -7.9561752, 2.5000000] | [0.0997703, 0.9492513, -0.2982750] |   84.0000001 |  107.3540247
12  | [2.4721360, -7.6084521, 2.5000000] | [-0.2949505, 0.9077644, -0.2982750] |  108.0000000 |  107.3540247
13  | [5.3530449, -5.9451586, 2.5000000] | [-0.6386718, 0.7093168, -0.2982750] |  132.0000025 |  107.3540247
14  | [7.3083637, -3.2538931, 2.5000000] | [-0.8719608, 0.3882220, -0.2982750] |  155.9999994 |  107.3540247

变换矩阵示例（光源0）：
[0.0000000, -0.2982750, 0.9544800, 8.0000000]
[1.0000000, 0.0000000, 0.0000000, 0.0000000]
[0.0000000, 0.9544799, 0.2982750, 2.5000000]
[0.0000000, 0.0000000, 0.0000000, 1.0000000]
